  1 h   1         7.1381653737E-01
  1 h   2         2.3674612380E-05
  2 he  3         3.3856107378E-05
  2 he  4         2.7073475337E-01
  3 li  6         4.0686091212E-10
  3 li  7         9.4687196211E-09
  4 be  9         1.7580509686E-10
  5 b  10         8.1425970996E-10
  5 b  11         3.6472151431E-09
  6 c  12         2.8143798344E-03
  6 c  13         3.4218177765E-05
  7 n  14         7.6988320950E-04
  7 n  15         1.8892780387E-06
  8 o  16         6.3706447869E-03
  8 o  17         2.4582622068E-06
  8 o  18         1.3660094142E-05
  9 f  19         3.8807758943E-07
 10 ne 20         1.7420766892E-03
 10 ne 21         4.8116439759E-06
 10 ne 22         1.4536305724E-04
 11 na 23         3.1026735049E-05
 12 mg 24         5.4972051176E-04
 12 mg 25         7.2093376321E-05
 12 mg 26         8.4117034577E-05
 13 al 27         5.9056563997E-05
 14 si 28         6.8707076026E-04
 14 si 29         3.5665417424E-05
 14 si 30         2.4374899695E-05
 15 p  31         6.4743387860E-06
 16 s  32         3.2731976847E-04
 16 s  33         2.7437187171E-06
 16 s  34         1.5895336980E-05
 16 s  36         6.1109207890E-08
 17 cl 35         4.4043603848E-06
 17 cl 37         1.5066167069E-06
 18 ar 36         5.9718963480E-05
 18 ar 38         1.1737049256E-05
 18 ar 40         1.9136074070E-08
 19 k  39         3.4742552900E-06
 19 k  40         5.6476841174E-09
 19 k  41         2.6459447098E-07
 20 ca 40         6.3365826076E-05
 20 ca 42         4.3956452924E-07
 20 ca 43         9.4027149141E-08
 20 ca 44         1.4900968901E-06
 20 ca 46         3.0375391143E-09
 20 ca 48         1.4825625616E-07
 21 sc 45         5.0464767384E-08
 22 ti 46         2.9007601872E-07
 22 ti 47         2.7030455731E-07
 22 ti 48         2.6975622450E-06
 22 ti 49         2.0414336163E-07
 22 ti 50         1.9892605310E-07
 23 v  50         8.1042391914E-10
 23 v  51         3.2907444744E-07
 24 cr 50         7.3909890938E-07
 24 cr 52         1.4986756568E-05
 24 cr 53         1.7139207189E-06
 24 cr 54         4.3863511102E-07
 25 mn 55         1.1750995663E-05
 26 fe 54         7.4491937466E-05
 26 fe 56         1.2242908988E-03
 26 fe 57         2.8548533018E-05
 26 fe 58         3.8293895580E-06
 27 co 59         4.1740865625E-06
 28 ni 58         5.1658887658E-05
 28 ni 60         2.0316619190E-05
 28 ni 61         9.0165453101E-07
 28 ni 62         2.8979503394E-06
 28 ni 64         7.6893981798E-07
 29 cu 63         5.3586626631E-07
 29 cu 65         2.4696310756E-07
 30 zn 64         9.4602005152E-07
 30 zn 66         5.4860329377E-07
 30 zn 67         8.0501440013E-08
 30 zn 68         3.7344798047E-07
 30 zn 70         1.2730220392E-08
 31 ga 69         3.5365666943E-08
 31 ga 71         2.4043571955E-08
 32 ge 70         4.9525545182E-08
 32 ge 72         6.7152730726E-08
 32 ge 73         1.9189723810E-08
 32 ge 74         9.3104429233E-08
 32 ge 76         1.9978629259E-08
 33 as 75         1.1879782444E-08
 34 se 74         1.0208876942E-09
 34 se 76         1.1234484925E-08
 34 se 77         9.4676077017E-09
 34 se 78         2.9637079825E-08
 34 se 80         6.3509403747E-08
 34 se 82         1.1576410263E-08
 35 br 79         9.7135815328E-09
 35 br 81         9.7327917212E-09
 36 kr 78         3.1035049450E-10
 36 kr 80         2.0083401145E-09
 36 kr 82         1.0317081376E-08
 36 kr 83         1.0443113478E-08
 36 kr 84         5.1763416645E-08
 36 kr 86         1.6004726992E-08
 37 rb 85         1.0451279424E-08
 37 rb 87         4.4593044021E-09
 38 sr 84         2.5943758171E-10
 38 sr 86         4.7232555486E-09
 38 sr 87         3.0850741227E-09
 38 sr 88         4.0199260792E-08
 39 y  89         1.1725511432E-08
 40 zr 90         1.4927390074E-08
 40 zr 91         3.2269506272E-09
 40 zr 92         5.0529010830E-09
 40 zr 94         5.1629303207E-09
 40 zr 96         8.5518000269E-10
 41 nb 93         2.2297028756E-09
 42 mo 92         8.3858897373E-10
 42 mo 94         5.4061809415E-10
 42 mo 95         9.2788552319E-10
 42 mo 96         1.0047112190E-09
 42 mo 97         5.8418744564E-10
 42 mo 98         1.4825458590E-09
 42 mo100         6.0228137883E-10
 44 ru 96         2.4663485947E-10
 44 ru 98         8.5311506623E-11
 44 ru 99         5.8267158037E-10
 44 ru100         5.7515552431E-10
 44 ru101         8.0189343200E-10
 44 ru102         1.4736494436E-09
 44 ru104         8.8478900898E-10
 45 rh103         5.0424322247E-10
 46 pd102         3.1506461961E-11
 46 pd104         3.5223611407E-10
 46 pd105         7.0957450518E-10
 46 pd106         8.8127550450E-10
 46 pd108         8.7748271158E-10
 46 pd110         3.9013919885E-10
 47 ag107         4.1610206793E-10
 47 ag109         3.9559272461E-10
 48 cd106         4.8431053566E-11
 48 cd108         3.4933310388E-11
 48 cd110         5.0258673923E-10
 48 cd111         5.1897850652E-10
 48 cd112         9.9779713808E-10
 48 cd113         5.0455944633E-10
 48 cd114         1.1932680096E-09
 48 cd116         3.1937634635E-10
 49 in113         2.5287797994E-11
 49 in115         5.6303598641E-10
 50 sn112         9.3121564601E-11
 50 sn114         1.0156306148E-10
 50 sn115         1.9522441326E-10
 50 sn116         1.4597934884E-09
 50 sn117         7.7272851858E-10
 50 sn118         2.4644566000E-09
 50 sn119         8.8185138243E-10
 50 sn120         3.3808711286E-09
 50 sn122         4.8553151252E-10
 50 sn124         6.2128556607E-10
 51 sb121         5.4030809166E-10
 51 sb123         4.0716293662E-10
 52 te120         1.1995968022E-11
 52 te122         3.4372887313E-10
 52 te123         1.2016235638E-10
 52 te124         6.5055294434E-10
 52 te125         9.7001691730E-10
 52 te126         2.6317135588E-09
 52 te128         4.5403272873E-09
 52 te130         4.9411884720E-09
 53 i 127         3.1891753123E-09
 54 xe124         2.1542367296E-11
 54 xe126         1.9509313910E-11
 54 xe128         3.8644171373E-10
 54 xe129         4.7914889320E-09
 54 xe130         7.6528349716E-10
 54 xe131         3.8650745329E-09
 54 xe132         4.6823075980E-09
 54 xe134         1.7660359403E-09
 54 xe136         1.4569477453E-09
 55 cs133         1.1580951986E-09
 56 ba130         2.2071494931E-11
 56 ba132         1.9973902443E-11
 56 ba134         4.9773326130E-10
 56 ba135         1.3496828433E-09
 56 ba136         1.6346905207E-09
 56 ba137         2.3260733124E-09
 56 ba138         1.5128025771E-08
 57 la138         1.3483049471E-12
 57 la139         1.4552029760E-09
 58 ce136         7.8242677553E-12
 58 ce138         1.0709879827E-11
 58 ce140         3.8551036742E-09
 58 ce142         4.9227995395E-10
 59 pr141         6.4437108493E-10
 60 nd142         8.3600234715E-10
 60 nd143         3.7606552234E-10
 60 nd144         7.3840172215E-10
 60 nd145         2.5781461542E-10
 60 nd146         5.4237017416E-10
 60 nd148         1.8206197139E-10
 60 nd150         1.8452857594E-10
 62 sm144         3.2232833656E-11
 62 sm147         1.6491771236E-10
 62 sm148         1.2308727628E-10
 62 sm149         1.4898628171E-10
 62 sm150         8.0547700265E-11
 62 sm152         2.9635731472E-10
 62 sm154         2.5556580989E-10
 63 eu151         1.9451264064E-10
 63 eu153         2.1610720559E-10
 64 gd152         3.0326048274E-12
 64 gd154         3.2922967383E-11
 64 gd155         2.2403523061E-10
 64 gd156         3.1849984077E-10
 64 gd157         2.4315921707E-10
 64 gd158         3.8783759278E-10
 64 gd160         3.4207663682E-10
 65 tb159         2.6387280401E-10
 66 dy156         8.9766691671E-13
 66 dy158         1.5440121952E-12
 66 dy160         3.8381183299E-11
 66 dy161         3.1392810595E-10
 66 dy162         4.2610849590E-10
 66 dy163         4.1898564116E-10
 66 dy164         4.8401376960E-10
 67 ho165         4.0504378375E-10
 68 er162         1.5831625494E-12
 68 er164         1.8401693846E-11
 68 er166         3.8915905901E-10
 68 er167         2.6469222603E-10
 68 er168         3.2013700816E-10
 68 er170         1.7802684147E-10
 69 tm169         1.7294940728E-10
 70 yb168         1.2171379514E-12
 70 yb170         2.9544979390E-11
 70 yb171         1.4224461332E-10
 70 yb172         2.1655551422E-10
 70 yb173         1.6147021583E-10
 70 yb174         3.2403960110E-10
 70 yb176         1.3048854840E-10
 71 lu175         1.7502194306E-10
 71 lu176         5.1948460746E-12
 72 hf174         1.6240561684E-12
 72 hf176         5.3158109833E-11
 72 hf177         1.8968605153E-10
 72 hf178         2.8215261644E-10
 72 hf179         1.4220766815E-10
 72 hf180         3.6757417553E-10
 73 ta180         1.2745215901E-14
 73 ta181         1.0908253986E-10
 74 w 180         1.0847892502E-12
 74 w 182         2.4555525789E-10
 74 w 183         1.3259721601E-10
 74 w 184         2.8503845474E-10
 74 w 186         2.6891054903E-10
 75 re185         1.0895890711E-10
 75 re187         2.0041964950E-10
 76 os184         6.8376541924E-13
 76 os186         5.4904331891E-11
 76 os187         5.2715738171E-11
 76 os188         4.6159094891E-10
 76 os189         5.5791377819E-10
 76 os190         9.0962015531E-10
 76 os192         1.4236903964E-09
 77 ir191         1.2622495409E-09
 77 ir193         2.1167781362E-09
 78 pt190         7.5659500528E-13
 78 pt192         5.0514324980E-11
 78 pt194         2.1277452918E-09
 78 pt195         2.1885559351E-09
 78 pt196         1.6307217685E-09
 78 pt198         4.8617902767E-10
 79 au197         1.3019490334E-09
 80 hg196         2.9674391444E-12
 80 hg198         2.0267200275E-10
 80 hg199         3.3805340199E-10
 80 hg200         4.6898902017E-10
 80 hg201         2.7122726823E-10
 80 hg202         6.1022460140E-10
 80 hg204         1.4118065738E-10
 81 tl203         4.0517097998E-10
 81 tl205         9.8152450403E-10
 82 pb204         2.0882103337E-10
 82 pb206         3.6645010325E-09
 82 pb207         3.3583135171E-09
 82 pb208         7.9107206195E-09
 83 bi209         6.6116068001E-10
 90 th232         2.5454272040E-10
 92 u 235         3.7269237208E-11
 92 u 238         1.1664633235E-10
